10 10
1000000110
0010111010
1010101101
1100100001
1001010011
0111010011
1100110011
0111000000
1111011110
1010111101
20
114
111100101011111111111111111111111111111111111111111111111111111010101101111111111111111111111111111111111111111111
142
0010000001111111111111111111111111111111111111111111111111111111111111111111111111111111111111111111111111111111111111111111111111111111111111
140
11111101001111111111111111111111111111111111111111111111111111100101001111111111111111111111111111111111111111111111111100101001111111111111
119
00100010001111111111111111111111111111111111111111111111111111111111111111111111111111111111111111111111111111111111111
125
11111010011111111111111111111111111111111111111111111111111111111100100001111111111111111111111111111111111111111111111111111
135
011110001111111111111111111111111111111111111111111111111111100100001111111111111111111111111111111111111111111111111111111111111111111
128
00100111001111111111111111111111111111111111111111111111111111111111111111111111111111111111111111111111111111111111111111111111
110
11010110011111111111111111111111111111111111111111111111100101110101111111111111111111111111111111111111111111
123
101010110011111111111111111111111111111111111111111111111111111111111100101110101111111111111111111111111111111111111111111
125
00001111001111111111111111111111111111111111111111111111111111111111111111111111111111111111111111111111111111111111111111111
121
1010011100111111111111111111111111111111111111111111111111111111111111111111111111111111111111111111111111111111111111111
116
11101000011111111111111111111111111111111111111111111111111111100100001111111111111111111111111111111111111111111111
121
0110101001111111111111111111111111111111111111111111111111111100100001111111111111111111111111111111111111111111111111111
107
11010010111111111111111111111111111111111111111111110010111010111111111111111111111111111111111111111111111
111
000110110111111111111111111111111111111111111111111111111110101011011111111111111111111111111111111111111111111
100
0111011101111111111111111111111111111111111111111100000011011111111111111111111111111111111111111111
130
0010010001111111111111111111111111111111111111111111111111111111111111111111111111111111111111111111111111111111111111111111111111
141
100110011011111111111111111111111111111111111111111111100000011011111111111111111111111111111111111111111111111111111111110010100111111111111
148
1110101111111111111111111111111111111111111111111111111111111111111111110010000111111111111111111111111111111111111111111111111111111011100000011111
123
001001001011111111111111111111111111111111111111111111111111111110010111010111111111111111111111111111111111111111111111111