149
36 9964
63 9937
63 9937
26 9974
87 9913
28 9972
77 9923
93 9907
7 9993
23 9977
30 9970
69 9931
78 9922
77 9923
57 9943
86 9914
16 9984
53 9947
51 9949
35 9965
67 9933
95 9905
42 9958
1 9999
57 9943
55 9945
48 9952
58 9942
46 9954
67 9933
60 9940
63 9937
40 9960
40 9960
53 9947
70 9930
89 9911
1 9999
61 9939
76 9924
16 9984
7 9993
87 9913
76 9924
24 9976
19 9981
45 9955
26 9974
11 9989
19 9981
11 9989
29 9971
21 9979
22 9978
22 9978
47 9953
11 9989
43 9957
27 9973
35 9965
12 9988
74 9926
13 9987
85 9915
59 9941
51 9949
23 9977
43 9957
2 9998
92 9908
75 9925
84 9916
81 9919
7 9993
11 9989
12 9988
69 9931
35 9965
68 9932
16 9984
30 9970
2 9998
99 9901
9 9991
74 9926
45 9955
90 9910
1 9999
23 9977
100 9900
57 9943
94 9906
93 9907
42 9958
30 9970
6 9994
17 9983
14 9986
95 9905
25 9975
79 9921
65 9935
1 9999
46 9954
65 9935
21 9979
63 9937
90 9910
14 9986
79 9921
23 9977
23 9977
68 9932
50 9950
5 9995
10 9990
10 9990
30 9970
94 9906
45 9955
39 9961
3 9997
18 9982
11 9989
65 9935
7 9993
62 9938
51 9949
71 9929
51 9949
79 9921
76 9924
35 9965
14 9986
66 9934
72 9928
72 9928
68 9932
90 9910
25 9975
61 9939
25 9975
85 9915
35 9965
41 9959
32 9968
19 9981
12 9988
10 9990
