277
88 9912
17 9983
36 9964
79 9921
60 9940
11 9989
69 9931
49 9951
93 9907
63 9937
86 9914
59 9941
15 9985
92 9908
66 9934
9 9991
70 9930
72 9928
92 9908
83 9917
45 9955
5 9995
21 9979
66 9934
66 9934
68 9932
9 9991
74 9926
16 9984
89 9911
30 9970
54 9946
68 9932
49 9951
57 9943
99 9901
68 9932
39 9961
67 9933
69 9931
31 9969
88 9912
46 9954
64 9936
100 9900
27 9973
81 9919
44 9956
70 9930
45 9955
59 9941
19 9981
45 9955
18 9982
57 9943
37 9963
32 9968
94 9906
35 9965
47 9953
29 9971
9 9991
91 9909
17 9983
24 9976
39 9961
46 9954
42 9958
36 9964
45 9955
69 9931
99 9901
93 9907
83 9917
42 9958
60 9940
56 9944
84 9916
76 9924
66 9934
82 9918
29 9971
22 9978
48 9952
38 9962
9 9991
41 9959
59 9941
42 9958
30 9970
73 9927
10 9990
58 9942
51 9949
29 9971
22 9978
68 9932
48 9952
16 9984
98 9902
49 9951
70 9930
84 9916
60 9940
35 9965
8 9992
22 9978
6 9994
85 9915
59 9941
92 9908
95 9905
27 9973
82 9918
70 9930
60 9940
71 9929
99 9901
54 9946
51 9949
24 9976
100 9900
48 9952
87 9913
67 9933
75 9925
78 9922
37 9963
93 9907
3 9997
85 9915
85 9915
78 9922
61 9939
62 9938
63 9937
89 9911
20 9980
59 9941
95 9905
10 9990
28 9972
99 9901
89 9911
15 9985
11 9989
18 9982
94 9906
32 9968
63 9937
66 9934
89 9911
55 9945
65 9935
83 9917
94 9906
28 9972
62 9938
12 9988
99 9901
82 9918
8 9992
67 9933
98 9902
15 9985
70 9930
93 9907
61 9939
56 9944
49 9951
84 9916
81 9919
11 9989
40 9960
79 9921
62 9938
4 9996
61 9939
54 9946
54 9946
41 9959
45 9955
83 9917
78 9922
94 9906
88 9912
2 9998
52 9948
93 9907
58 9942
42 9958
27 9973
66 9934
4 9996
89 9911
57 9943
37 9963
53 9947
60 9940
96 9904
31 9969
33 9967
9 9991
14 9986
53 9947
86 9914
40 9960
25 9975
65 9935
66 9934
6 9994
32 9968
35 9965
5 9995
53 9947
64 9936
41 9959
13 9987
21 9979
72 9928
27 9973
13 9987
96 9904
85 9915
92 9908
34 9966
44 9956
3 9997
87 9913
98 9902
76 9924
98 9902
15 9985
40 9960
22 9978
93 9907
75 9925
90 9910
40 9960
79 9921
26 9974
60 9940
18 9982
37 9963
73 9927
60 9940
14 9986
37 9963
44 9956
13 9987
1 9999
38 9962
33 9967
31 9969
79 9921
66 9934
81 9919
90 9910
54 9946
58 9942
53 9947
2 9998
71 9929
2 9998
10 9990
52 9948
76 9924
47 9953
97 9903
100 9900
49 9951
46 9954
16 9984
54 9946
23 9977
12 9988
55 9945
